     0.333333
     0.666667
      1.00000
      1.33333
      1.66667
      2.00000
      2.33333
      2.66667
      3.00000
      3.33333
      3.66667
      4.00000
      4.33333
      4.66667
      5.00000
      5.33333
      5.66667
      6.00000
      6.33333
      6.66667
      7.00000
      7.33333
      7.66667
      8.00000
      8.33333
      8.66667
      9.00000
      9.33333
      9.66667
      10.0000
      10.3333
      10.6667
      11.0000
      11.3333
      11.6667
      12.0000
      12.3333
      12.6667
      13.0000
      13.3333
      13.6667
      14.0000
      14.3333
      14.6667
      15.0000
      15.3333
      15.6667
      16.0000
      16.3333
      16.6667
      17.0000
      17.3333
      17.6667
      18.0000
      18.3333
      18.6667
      19.0000
      19.3333
      19.6667
      20.0000
      20.3333
      20.6667
      21.0000
      21.3333
      21.6667
      22.0000
      22.3333
      22.6667
      23.0000
      23.3333
      23.6667
      24.0000
      24.3333
      24.6667
      25.0000
      25.3333
      25.6667
      26.0000
      26.3333
      26.6667
      27.0000
      27.3333
      27.6667
      28.0000
      28.3333
      28.6667
      29.0000
      29.3333
      29.6667
      30.0000
      30.3333
      30.6667
      31.0000
      31.3333
      31.6667
      32.0000
      32.3333
      32.6667
      33.0000
      33.3333
